3673626213
6123713167
5275521491
1436544825
1891698681
2824893638
3243151638
4313252563
3336839446
143961458
8326735338
2089667658
2421343134
5835286534
4029453518
6241345353
2459527182
4932559781
6175432346
2148933329
5944993815
1691891514
657959831
3535272813
6661467119
631614949
5069244192
4369558568
6133959425
6066315334
4366237521
1064415514
6327754876
1261189498
3741456792
1378678988
4891362812
2912683969
7462534431
6793836762
6541167329
1326624763
4787361632
6282612359
8779753589
327938949
6837123658
6374168764
4611886829
6563636346
3284673725
3595141931
5527466674
3718385638
2322991855
4195466898
3958651439
9962297788
5998739289
7369816872
2663497129
2923617811
876823598
4863969661
5787912766
5682947698
349153195
1918814576
4962692653
4084457171
645564873
7125215539
281835413
3626188884
361545953
2154441296
7416394137
5422678461
2221914837
4115925384
829518996
2311563582
4749791998
7868235261
6158446246
5592756536
5595921184
6495762524
6043721492
7076843463
6985998273
4127111214
5617275215
3891689916
3228658555
2553183574
6353176993
6494199111
791784395
5372695398
2357231425
6522542359
9963713753
4853739625
7829394653
1868975156
3395495732
7182191168
5827648438
757186226
3813519436
2785979867
2014888374
5567672746
7752318716
513635145
4837394599
8352724732
8744249531
2785642153
2274826827
6743577319
4621996559
3546195821
1626478537
5319292184
6979388984
4616148226
1149232364
2225294753
4125674973
1376482864
6559595154
2578624143
5813324251
5078976363
3064572884
927314319
1199922781
8798641361
6112449648
6077839168
7331177598
1532374797
6469922267
1151679515
3125555662
8384815464
7419732562
3578817595
4466412164
3312849566
147326518
7589344546
2391974398
3634596753
4522538934
6129425193
5645263547
1066415574
3159192455
4272458915
8684183887
6767917999
3627742427
2785289473
7613155438
2142846279
6397745653
1618181215
4391419722
2355743583
4778811417
1576117451
2973394742
6611377897
947859417
2192518895
6373881835
3938443984
4034379432
4661282548
1085547125
5475678784
7389359562
5192617962
4676454272
5291548854
6481553382
4739622266
5237597751
244731132
7374386716
7414381739
4289873344
7537417761
7076844543
7456448623
9927286556
3881785981
6796335928
2935619479
2628629823
7541541855
6089473458
4868195641
6661426685
4585212189
4391415917
1715136362
5688456768
7279995282
2879267367
4413463328
6766684315
3276974755
144348666
4864684475
2228823777
5412666918
8336873959
4273733376
1645343458
954352791
7549891743
2187996883
4589546791
463384343
8622893613
3393443717
1448267994
6193165852
4012347654
5433967932
8918765386
476588163
762354795
2331789526
4817924614
1342239352
5995552926
6823422178
6681235889
6327945766
6925224413
5543143179
2087212849
5287545141
5991732537
222611757
5586218713
863275547
2218723797
1194535783
7419194371
3511358586
4033728989
6028117472
1924661944
195391258
3516497721
1921251183
5295647133
3691252284
3873649977
2437462442
3659256811
1417829542
6427481272
8967215657
7741954258
1394185171
3621718639
1828342591
3491687555
8666653668
1545689283
2146364296
8691622924
3588277382
7361476158
7387393592
1975557622
5461253871
3138441752
4578334463
355128293
6224335573
1463419788
7532478296
5941247389
251919373
7865543163
7412227379
3868977647
5859735585
634717843
6582378469
164698236
6212476887
5038996717
5665922422
3093947259
5883184658
4722315236
7817856185
5293134244
7687255295
5984933496
7268733565
5157555714
4563835267
4699615972
3656699113
6841985512
456299993
3287957352
2049389755
6796639552
2783839166
4322944389
5021615452
4899873589
2745231336
8957466474
3758234598
3859239573
4666158631
3771582516
6024152871
4668918415
6749547492
6885641675
7741586161
4649945129
7791895746
1093338354
6937928757
4041817817
3797757782
5227721136
5722388433
5062686485
2766488227
944273183
5361586851
8761376237
8396797583
6829552839
954467286
713865891
2327718793
4932935952
4326983654
4127924821
6129524235
5698772221
5821275463
9924529768
3036267614
5175967788
2316388472
1011357731
959994276
3538658217
5835792312
438191728
4068924312
6569894138
6524238474
6723179155
7327192111
3822413433
652198957
7561129282
6521128166
1192554956
4546743858
2252776965
1117876948
4261583963
865851785
7285647532
2382323323
1787968654
6049143676
8773121162
7555492363
5918784599
7858235852
647167724
4872734713
1185611354
2346736874
2512954895
5981312786
475266766
3588177634
6776441689
8611349838
896966118
3838876449
2942379287
6444652843
2799997471
6674552832
4327342657
3638681856
2616497717
5534119594
1637516969
5715644919
7748997561
7882378956
4032556695
3246283659
3214575997
275314356
2071767655
2849114739
8772532821
1987428292
965291723
3518153361
1289243171
7473639443
7251648374
8391742939
3764432285
5566531746
8747858772
3561755869
6767755684
5219811223
4951465563
4568627859
5992171864
7515686975
1681846985
3041271839
6749155287
6896432678
5171343163
7656649419
3246934149
6778335885
2498684622
678155552
434892141
2359926111
3437151719
6035822948
2983888358
419554186
5416788883
5931733917
1657755225
6268576483
5199986629
5923668392
4625984278
5311348224
7553876235
1281165376
3349279917
3513477732
1915513977
5657316133
2658242378
1736179935
1998463233
5554483426
6791814215
3588656941
9958414231
7356423631
417354124
2897234477
686712753
1481521323
3632176219
9943337261
272949352
7554972719
6794236789
1747525159
2366549495
2915988926
5254361544
9996256482
1371152869
121936378
1058141237
2521674334
4745592452
4697371144
3053683788
2881134493
1783381265
4935877747
2139662738
1365773652
2945447229
6363278966
8697791571
1344334574
864277344
5443462788
4425325423
5034454262
1074313431
7779734284
161474165
4554441413
5276357822
3681773976
2275676523
5032835166
336886891
3468882689
4751242151
2442489685
6372639123
2464689343
7711555546
359597495
2343523169
4796886178
441193879
2471311918
1019553672
7831581275
5063647818
6015173314
2816263298
6883146982
2222232147
1287878562
2022866954
2128411846
426398174
1265813446
5546874576
2544214162
5526918926
1718782928
6117963916
4416749253
5389614941
4296818184
3522376665
2227784334
6712345512
2388749889
1655493754
7034393859
6034668347
4443461835
187252992
5777226876
7129258552
3224948751
3513236866
7662617959
6175686976
3974651914
4067333497
482993142
7832183453
4918732971
6977791439
5614218426
4064952561
2669314287
418697194
5719655655
149364894
4322839888
1727122887
1513587222
9941922266
3444245467
6316654379
477824397
5337397999
8653655778
823126536
8992148367
5417273162
8972378439
1786131181
3276763429
2965618265
5127236496
4639987496
3185348689
1314621777
691682429
5664818132
6458699567
7826944537
7073953724
1137627115
6845555619
6643337624
2993213881
7459817584
6555211445
4916324769
5967259777
4391825338
1356315269
1761999591
3561418478
3389163172
5514514537
6926979336
7744221672
4958133525
3444433782
5746583757
7217985637
238714282
1413726138
519924786
7816318326
4234625286
3115623111
3665977876
4781331493
7234553396
2325417143
4216127745
4342594257
3656766576
553226163
4017516926
1394374823
737299286
7398885472
6673233528
1233515211
2284849558
5949342671
5915828832
3712477311
3195576387
8685475579
4531591233
4843949986
484821444
8633365662
5065676424
7126855497
939592473
922339153
4666446638
4886127511
3989998525
8724111739
3134668335
1566793195
3143272815
1126981532
3036724758
1049463892
6173558487
5313983616
3784611882
2586114273
6161824511
2357933729
859541343
3465297335
2578551425
2969236629
4688238745
421278633
7255945775
6812598376
1592527965
9948455143
1166563541
3129468251
8635573798
4831427949
6363459161
7727277189
4938289827
8325547543
7237694859
2993693843
495526865
3115117244
682438568
4492579887
5094268411
3552711646
6828797311
1676792164
5837677199
4727364823
6325142735
7422162936
6919676798
7356869536
6098597511
7442883963
5123555736
7342171919
3044747959
6677579677
6223992561
5748632885
2674436947
5839946321
6761193934
5786238779
7093214337
7037249923
199536854
8381285799
3419829239
3952162166
6999458669
695267299
1164716787
4111214878
3945969758
6449196657
7688688595
378134991
6735393162
5347967772
1597452454
4775551182
949126458
3588439323
7358371253
6962589359
5131711677
2289868722
3884762867
5119572235
4757919234
4416721578
5165873268
6955813779
3116818613
6471823623
5166178744
2446467763
2513626914
5668319463
4845421529
4792993796
1936534384
5052985938
3611176512
7725714353
161415891
7749194945
912683289
5751599357
5531769826
5714338667
2016474967
5152333737
6221596692
7043932654
8315733611
266771184
3318714822
6085229582
4755322455
8311557312
8947913979
171454379
4873182694
6165599329
6562355279
4447253877
3112631337
8759975772
5661218377
294585763
5835784854
6265177433
884285126
4786748594
5833816972
1296275121
4314971466
487828359
7819372471
3915239141
3589694536
3234477596
4928392741
416221782
9986716293
6066635483
3682825462
1489137677
1513797588
1033357766
2988234797
3178359465
5597198391
246126671
2516913659
7299937938
5264595136
7854712391
4448843923
393522272
5847138112
6564577471
4166729419
3223823998
2156383999
5121875456
572895681
5775763746
9948416583
7059638737
7345657592
1826631736
7524378366
7135858798
7182758285
2936328125
654123684
5152375932
1573459469
3377122242
4071934367
5086773484
1813564397
3645832688
393834842
2667433661
556638657
6498316625
5879731444
2442846942
2337942436
2721114418
2997348697
9956861845
1688475251
4367982754
6579569884
6455815836
3831184251
5953581459
118269626
5591441218
7647375491
7429261271
3827231836
698835854
1359241329
7571756897
5587515488
1553634873
698287459
773813381
1516893334
8929629599
6762384975
6439462132
4669552435
1877859864
6125855338
7299212989
3442959237
2661273414
3055848512
6583212763
1666777411
4847873481
7057737669
5196219666
7276251767
3698684269
5218551177
1294438171
7442498497
3263711261
5978913686
5862278248
8695592817
7162592341
4992982823
119814591
5256765192
6623497273
6669643722
3864776773
1276615186
2738666223
7772536117
1615674465
6144185935
377685776
7881979668
8664272935
3974916643
6136784946
6613946739
4618564174
6821568377
6839275669
1568238734
5986239588
6844711739
3327436342
6358848718
4978824122
1121537733
864154214
5014923247
7813879146
4877636788
3487237138
6265272491
7651682746
5857518388
7626159833
8397813591
7562123799
3255419494
3373912566
753576262
3365187243
6649939774
3486454299
6913589432
2999218998
2137518791
8614436757
1649234737
2135961585
6564836227
6216296717
3384191899
5979263961
691175218
4951145334
5865137979
319335456
7146858686
484184498
4852851826
3411487799
7396796165
7595873591
1157434282
7821653345
2446324238
5818374489
1782678454
5522881379
4959416518
5482342163
5086772775
5841963861
5267315173
3911793433
3273893128
6194573553
2319551525
2554131175
3714261683
5451745527
7419181717
7375714594
6671744615
3988692457
1516511588
5119695599
4255423115
7459227445
2168917587
2164741491
4388575544
7812282291
4317574916
7141653253
2637972646
2745398829
1169675591
1594896179
2972722932
5453546582
6985548534
6459548261
5733738537
7312462368